0.000000000000000000e+00 9.904326044664110151e-01 9.932349225049520447e-01 9.952545109888091268e-01 9.885050934403037948e-01 9.894245852705519928e-01 9.887594459965354243e-01 9.861022599480857576e-01 9.939653018970971976e-01 9.936410011943087595e-01 9.937800509870923227e-01 9.904172426150127384e-01 9.868072627697138666e-01 9.887594459965354243e-01 9.895686734145638930e-01 9.945669253783857577e-01 9.884725836205462413e-01 9.895396965557020641e-01 9.892130505088193582e-01 9.891510144457450471e-01 9.908053687313715940e-01 9.899008818476007221e-01 9.897044533539334221e-01 9.870151802077176129e-01 9.870752166153865526e-01 9.874735646762490271e-01 9.881247296559448889e-01 9.862788363634484856e-01 9.868240503104497297e-01 9.866948330692465463e-01 9.846860299115572923e-01 9.616747779941381413e-01 9.562619878123002071e-01 9.634635742339607845e-01 9.645804854479425039e-01 9.669425403404274810e-01 9.676945528973581734e-01 9.636910630211189543e-01 9.644852803604885283e-01 9.699907575206401233e-01 9.681377752189038732e-01 9.640174203546436615e-01 9.672594551013354858e-01 9.644769879821450953e-01 9.648690865628036795e-01 9.678774037909099182e-01 9.635506987236356347e-01 9.648355460589984611e-01 9.664925827304071682e-01 9.702287379328609074e-01 9.674355405126461305e-01 9.734835805594613811e-01 9.655879870157449973e-01 9.638495170710411619e-01 9.645770531536360659e-01 9.688327504740963381e-01 9.686797900932117011e-01 9.703858417304549455e-01 9.688248257396181451e-01 9.669332594472370701e-01 9.612190270377620749e-01 9.551156782680677582e-01 9.665554137791080302e-01 9.576869648807575519e-01 9.625425104839233637e-01 9.616312664765477303e-01 9.570242262936557998e-01 9.511662119831443274e-01 9.489887419608117325e-01 9.545124015519813598e-01 9.522582127280940778e-01 9.555520519349689490e-01 9.555520519349689490e-01 9.555520519349689490e-01 9.555520519349689490e-01 9.555520519349689490e-01 9.518994309665144149e-01 9.478193728695141207e-01 9.475813626473391649e-01 9.498283686301982609e-01 9.520253958862991972e-01 9.491276562447561460e-01 9.508297246968470118e-01 9.462450923277133663e-01 9.443173457314626429e-01 9.415655681262227183e-01 9.527169450203526457e-01 9.530061503144962032e-01 9.478383421203477877e-01 9.508118798682742012e-01 9.461210042374554874e-01 9.477638548399281992e-01 9.511634650790969925e-01 9.521279408408153122e-01 9.556872966605344244e-01 9.519421786775879024e-01 9.556905692672610364e-01 9.490403850640704020e-01 9.408260640414950471e-01 9.431054381586486679e-01 9.462758023985147204e-01 9.490533128156659615e-01 9.472401959880265565e-01 9.468512040751785319e-01 9.430116753394978124e-01 9.409710414601443196e-01 9.488313953776925658e-01 9.426547016505419929e-01 9.466506450867101519e-01 9.140482208397422426e-01 9.184581242952087887e-01 9.149385299506780367e-01 9.199575956790584375e-01 9.179717595915757311e-01 9.170880379889893019e-01 9.118052753251195686e-01 9.210129188114164478e-01 9.149192302407729294e-01 9.145359205192941099e-01 9.137155241479768542e-01 9.104323662430630071e-01 9.118910951319753044e-01 9.199529595061480824e-01 9.154719662033635741e-01 9.148382353385270394e-01 9.087624862829712935e-01 9.198153719102989401e-01 9.144264759629540107e-01 9.106409262741671506e-01 9.094257046314287996e-01 9.106613603186909378e-01 9.114895799585313041e-01 9.060563607627184490e-01 9.080886557782574808e-01 9.088249228018862036e-01 9.055910657323777979e-01 9.045058976466631151e-01 8.973828361943564369e-01 8.964242265635520290e-01 8.985299727120971136e-01 8.943181178756696159e-01 8.919235880671874117e-01
9.904326044664110151e-01 0.000000000000000000e+00 9.895635786742330575e-01 9.903131269861938923e-01 9.856290768207993658e-01 9.884684758778380376e-01 9.885339047967065529e-01 9.833957866273745907e-01 9.894401687254177347e-01 9.916025763086442346e-01 9.877409003424179046e-01 9.910531102365620626e-01 9.848295800972076686e-01 9.885339047967065529e-01 9.874317462202889528e-01 9.908020293827419778e-01 9.877994998992710718e-01 9.895668009864879711e-01 9.885559015312588294e-01 9.872700091388381116e-01 9.883833905208316839e-01 9.868534799428720916e-01 9.872743098478266033e-01 9.838337062746411732e-01 9.842133244907044221e-01 9.845358302695450536e-01 9.854804033405980546e-01 9.828258630989973321e-01 9.842435764809128740e-01 9.835418819293308967e-01 9.824096778225152038e-01 9.589295647106017562e-01 9.516468975477681003e-01 9.608170204131032399e-01 9.595224042207112225e-01 9.624871757201625133e-01 9.641326623193889889e-01 9.641263062875310430e-01 9.600809982588347502e-01 9.635942381399889012e-01 9.630110277162958754e-01 9.592357392410303385e-01 9.624956803997843924e-01 9.612591744805409899e-01 9.607239142512385977e-01 9.650162791670295892e-01 9.615923645987721757e-01 9.616473252813441119e-01 9.646696914044059490e-01 9.665995565681869683e-01 9.650311895385950134e-01 9.693378655144645473e-01 9.645144055031652508e-01 9.620714697523059522e-01 9.609531862643092559e-01 9.673795329198078274e-01 9.669583102311557488e-01 9.666643887028210091e-01 9.658102140312616601e-01 9.620042260159172853e-01 9.634726444404398960e-01 9.518684131557857420e-01 9.647446218022305287e-01 9.572456419508407199e-01 9.621495399666616377e-01 9.612222958871529110e-01 9.561387353591023208e-01 9.504380147962463443e-01 9.467187215696000191e-01 9.532312575774105623e-01 9.509871203516996330e-01 9.566277494654278346e-01 9.566277494654278346e-01 9.566277494654278346e-01 9.566277494654278346e-01 9.566277494654278346e-01 9.494721031109174536e-01 9.493780607509876290e-01 9.458467104043036811e-01 9.464688555499479738e-01 9.496938877670021428e-01 9.461288886758126848e-01 9.467070745752660388e-01 9.459034432823824057e-01 9.439880529813655663e-01 9.405277178009775474e-01 9.526591717982331176e-01 9.515199079282570249e-01 9.448969721677773492e-01 9.474314384294243441e-01 9.469924699056895268e-01 9.449919692061715670e-01 9.485740980336255790e-01 9.509036893048020689e-01 9.557907904435613000e-01 9.499891553236120556e-01 9.546293084057800860e-01 9.441072469325370031e-01 9.362773373964135004e-01 9.381872992731261629e-01 9.480224448800461667e-01 9.437194265085782074e-01 9.484451029159470803e-01 9.455740190280879087e-01 9.433169301708647092e-01 9.408562715493657969e-01 9.488896305189141733e-01 9.417585143936748615e-01 9.460106850306116977e-01 9.145652680349989350e-01 9.175533237312418766e-01 9.152548121153614158e-01 9.207596480520131577e-01 9.190585769386606652e-01 9.185371472107549673e-01 9.132681677717477964e-01 9.221375612552717982e-01 9.154556422964627016e-01 9.145995012084305875e-01 9.138296871005199273e-01 9.107968850428789231e-01 9.119332670721257417e-01 9.200728773620161505e-01 9.164916703378366281e-01 9.158919763969405325e-01 9.083444470741776078e-01 9.201159129206241127e-01 9.152663757283311385e-01 9.117655320374231653e-01 9.107487412663118898e-01 9.108760391239952847e-01 9.126866909014609286e-01 9.071857373611927899e-01 9.086831167111255603e-01 9.100038341938596620e-01 9.062136380239771416e-01 9.057460075424155210e-01 8.975346277848514909e-01 8.958224400982344182e-01 8.984476885195912255e-01 8.943627157890451373e-01 8.927282786841744811e-01
9.932349225049520447e-01 9.895635786742330575e-01 0.000000000000000000e+00 9.913078068625291728e-01 9.870270157849470039e-01 9.874703673816264127e-01 9.873188673298516349e-01 9.836480430388704344e-01 9.915228397526983928e-01 9.902670002922007164e-01 9.903398914406421616e-01 9.895981859740284881e-01 9.862332376619405983e-01 9.873188673298516349e-01 9.908498161631316137e-01 9.912811386602161656e-01 9.876848447343821169e-01 9.891029149823572508e-01 9.884327942015335156e-01 9.909393100237412488e-01 9.883369118897143979e-01 9.876803347057169224e-01 9.878161482695840823e-01 9.844424878894380004e-01 9.866107491037100496e-01 9.878533885191151942e-01 9.858061029946311171e-01 9.839885158501773255e-01 9.873003887747857643e-01 9.859897578108460792e-01 9.829497000801985518e-01 9.629627265022090432e-01 9.521935256293001526e-01 9.621298601701777642e-01 9.609128582733579282e-01 9.624518993875764705e-01 9.648327935426611601e-01 9.617968469808699794e-01 9.620406933930348847e-01 9.664253628156483922e-01 9.654696605633312778e-01 9.624590616038775082e-01 9.648223574058658603e-01 9.652676807768711953e-01 9.641466563425815650e-01 9.649341486581298755e-01 9.623471292462307813e-01 9.631632825399152331e-01 9.659392500033079365e-01 9.664970697895344243e-01 9.667381702111457198e-01 9.698185546935607082e-01 9.645571056526803799e-01 9.631273825341201134e-01 9.607232055131202930e-01 9.676754280730804902e-01 9.660042021628751918e-01 9.666307204052581037e-01 9.657432625303357110e-01 9.633214102701791459e-01 9.626567218993127284e-01 9.521279210881465893e-01 9.643008883747373750e-01 9.587953714473005373e-01 9.641225238961692590e-01 9.604261996336451723e-01 9.585199601583682671e-01 9.520065456124895409e-01 9.480335783495607016e-01 9.524741797950129207e-01 9.531106414526946402e-01 9.549461337174022235e-01 9.549461337174022235e-01 9.549461337174022235e-01 9.549461337174022235e-01 9.549461337174022235e-01 9.496503970648212389e-01 9.476518073532576025e-01 9.462624882095568291e-01 9.478350023551583847e-01 9.502987895465769830e-01 9.471870153389840841e-01 9.474926588880607792e-01 9.453611339567410399e-01 9.443829909666801026e-01 9.410626201177655359e-01 9.526420006987881273e-01 9.538097195272875473e-01 9.453067736429281442e-01 9.473911922662493490e-01 9.464493077496382023e-01 9.451862790963109218e-01 9.476207593486338787e-01 9.503506475242792240e-01 9.536034783758353672e-01 9.492662338265890343e-01 9.553223665757567540e-01 9.475095487962750251e-01 9.367583191393018538e-01 9.394186608116416037e-01 9.479972479785969686e-01 9.474955002813839622e-01 9.485070375017392585e-01 9.474693851793304367e-01 9.443712196060358721e-01 9.416356943626428277e-01 9.498397058379826063e-01 9.430980462995398605e-01 9.461555083978960834e-01 9.153080481488771181e-01 9.193221077310105294e-01 9.162193834837828454e-01 9.208500466567037801e-01 9.193201121674353660e-01 9.181226693654965798e-01 9.129288935860511156e-01 9.221670544000615255e-01 9.162115638033311305e-01 9.147835110616827636e-01 9.145635312983234622e-01 9.113877537851079458e-01 9.128956771952202454e-01 9.210383719497805544e-01 9.166332615248735660e-01 9.155748442173191615e-01 9.097324555003940549e-01 9.208198146767979653e-01 9.154498242298122479e-01 9.114829607723169413e-01 9.103812779052025128e-01 9.115095730757796222e-01 9.119639264001586643e-01 9.068997917965008204e-01 9.087146065231205272e-01 9.094351291907388779e-01 9.064997793498443812e-01 9.050634010407537788e-01 8.981021412224007294e-01 8.973821161296449134e-01 8.998817478169155448e-01 8.951902878310875611e-01 8.929598957715469965e-01
9.952545109888091268e-01 9.903131269861938923e-01 9.913078068625291728e-01 0.000000000000000000e+00 9.856920575888320490e-01 9.901010861999794965e-01 9.892121735090139145e-01 9.862298406468079648e-01 9.920879605211452290e-01 9.944793232305429997e-01 9.936894246405596487e-01 9.893007518294795188e-01 9.867782039687819085e-01 9.892121735090139145e-01 9.897614583115370568e-01 9.951323047053021176e-01 9.895913585340448959e-01 9.902410314941321179e-01 9.898190149311431041e-01 9.881789166308262429e-01 9.911012826696440348e-01 9.893382777290652408e-01 9.893322083882578610e-01 9.878727370605561164e-01 9.861130626586527281e-01 9.866158437410781357e-01 9.872982519086416220e-01 9.851658624084702609e-01 9.843642486551177351e-01 9.849253435998830408e-01 9.857536077280341091e-01 9.606676246081311543e-01 9.574344781685290018e-01 9.639626979200422996e-01 9.631357657898741431e-01 9.668096121109572838e-01 9.647888492246612380e-01 9.642352438288288585e-01 9.632657713210680539e-01 9.693764360354786280e-01 9.704935924395513558e-01 9.664397566425976249e-01 9.697814355585846480e-01 9.649528581227562185e-01 9.662258337099682848e-01 9.696705858778377207e-01 9.653851688796004638e-01 9.663433821218462283e-01 9.657663543144278107e-01 9.695286444670294657e-01 9.670667207416497879e-01 9.729401460907330934e-01 9.664599892317413676e-01 9.626923825705951954e-01 9.647988696281454279e-01 9.678593174741911831e-01 9.689535369021959887e-01 9.702764801985370724e-01 9.707433855737428452e-01 9.687076743663952660e-01 9.603608105032387376e-01 9.531364448540222689e-01 9.664831620511311616e-01 9.559443116921733097e-01 9.616587300463751431e-01 9.618211482337544194e-01 9.551227734413493264e-01 9.495007220283924187e-01 9.479548295450338502e-01 9.541476541272638778e-01 9.517600389134508454e-01 9.554596038284011161e-01 9.554596038284011161e-01 9.554596038284011161e-01 9.554596038284011161e-01 9.554596038284011161e-01 9.517137376576130237e-01 9.470616669001724608e-01 9.474311448305631211e-01 9.510683613884816090e-01 9.514129234608150743e-01 9.489981520570178741e-01 9.513851666830973608e-01 9.453853877840857622e-01 9.428801182326915775e-01 9.400837207964939379e-01 9.514334496577684375e-01 9.511100072783341686e-01 9.462770147984560509e-01 9.498071424778681271e-01 9.450095291376251483e-01 9.460373011728269166e-01 9.522469629665597513e-01 9.511946083301907606e-01 9.542449787274792650e-01 9.517401043852621312e-01 9.532631992596948267e-01 9.491897944815189669e-01 9.386100906860620485e-01 9.417494721545565106e-01 9.452165160130765464e-01 9.490500956298655311e-01 9.468888073549484030e-01 9.452006802369475880e-01 9.424329734637754141e-01 9.397711418286758267e-01 9.472953211278298813e-01 9.405736425039136206e-01 9.454698675771220362e-01 9.131775819410642425e-01 9.175001516479930341e-01 9.136683750528681314e-01 9.184069641217506019e-01 9.169829217935390187e-01 9.161896946443658374e-01 9.108338882696376260e-01 9.199171505718473085e-01 9.136217285398564592e-01 9.131351730625831831e-01 9.119888193171832302e-01 9.089927982489004465e-01 9.103885103023540148e-01 9.184331365816789106e-01 9.141514669133509186e-01 9.142270775689302909e-01 9.074323737367014919e-01 9.187080417289471557e-01 9.132983882306526802e-01 9.094169391570867678e-01 9.091223705796120935e-01 9.092783313010500690e-01 9.105095423739612004e-01 9.048344611362030276e-01 9.065894322747899414e-01 9.077458420581931975e-01 9.045190799857188990e-01 9.035186756776639738e-01 8.964180458538268947e-01 8.950595377075341030e-01 8.972599608983224950e-01 8.932946618806799632e-01 8.909322103117525149e-01
9.885050934403037948e-01 9.856290768207993658e-01 9.870270157849470039e-01 9.856920575888320490e-01 0.000000000000000000e+00 9.824750328334515004e-01 9.822285104130556999e-01 9.803696020935415145e-01 9.890796188657520194e-01 9.870259304349670026e-01 9.861534582277771133e-01 9.861217395946713093e-01 9.815243824529957806e-01 9.822285104130556999e-01 9.833747269674387725e-01 9.852422792969792731e-01 9.852710598285560062e-01 9.838908804721809842e-01 9.830434099720392060e-01 9.834949428812053140e-01 9.827364283381365695e-01 9.831655715346454549e-01 9.824776555065573014e-01 9.838844388689446108e-01 9.861333203899077526e-01 9.895060831051605277e-01 9.889235811049654767e-01 9.843972901164812495e-01 9.896062231809755749e-01 9.890252110803672281e-01 9.834653538790808502e-01 9.612402952985200644e-01 9.521277519705394488e-01 9.580599462222674223e-01 9.619871607204623087e-01 9.651299884402514406e-01 9.660365154637288176e-01 9.635584852006896517e-01 9.643342640909655650e-01 9.671023838488560509e-01 9.652452980584107500e-01 9.620470031255686783e-01 9.656009566972323377e-01 9.621143555389868318e-01 9.625730324881248690e-01 9.660980071492016874e-01 9.576624652475996813e-01 9.612286618581664666e-01 9.623982409157973983e-01 9.676985004469033091e-01 9.635246339268427329e-01 9.691145354205149554e-01 9.670893981229113923e-01 9.652215203335873239e-01 9.620459035289129490e-01 9.656955984126913695e-01 9.660701002457573461e-01 9.698771865178731355e-01 9.673436049947361504e-01 9.651358724319566429e-01 9.633018181652690526e-01 9.550067410664657697e-01 9.650732323868419504e-01 9.624800345765545107e-01 9.626330785634111820e-01 9.639174363355179631e-01 9.585178013023817334e-01 9.545245254455508865e-01 9.497356039136102268e-01 9.530424766932084069e-01 9.525622547753967995e-01 9.509127154916966473e-01 9.509127154916966473e-01 9.509127154916966473e-01 9.509127154916966473e-01 9.509127154916966473e-01 9.493064529820436359e-01 9.466026432626079012e-01 9.472231879270898158e-01 9.457103858924680306e-01 9.466124611028041702e-01 9.469918901850836734e-01 9.492474815102132091e-01 9.462876206260087963e-01 9.445326728509876313e-01 9.415190628382030802e-01 9.547045964843194898e-01 9.550088250444974669e-01 9.471172855010697722e-01 9.485051027644555433e-01 9.474695614340832295e-01 9.489751269277362233e-01 9.497424806402984254e-01 9.515579216847706023e-01 9.556848547711874753e-01 9.514297764054281403e-01 9.567798506214770793e-01 9.493894014130500603e-01 9.406679592066344853e-01 9.409453390883331103e-01 9.484998788033420780e-01 9.482215175158575926e-01 9.473688616540769658e-01 9.456999118692950290e-01 9.425592269396448897e-01 9.391156323278706530e-01 9.489228336151606102e-01 9.430288285135727255e-01 9.438786151989375650e-01 9.136173483669863815e-01 9.180007469176454382e-01 9.135900243066134019e-01 9.201333519473073874e-01 9.182420290873392066e-01 9.173394755582418014e-01 9.122959235208047968e-01 9.212765481504567866e-01 9.139721148903003911e-01 9.144068207067274079e-01 9.140122682458138303e-01 9.118865331705844346e-01 9.132279371402596269e-01 9.212630352061450534e-01 9.159410513995995817e-01 9.157218997613745248e-01 9.106805319058121073e-01 9.203282703003006215e-01 9.150293868798715646e-01 9.095767853869904940e-01 9.081195445227188134e-01 9.093379215236140345e-01 9.101523719223777453e-01 9.048990128838754199e-01 9.072247717903899611e-01 9.077410555420294402e-01 9.044675918998700270e-01 9.035007986098461119e-01 8.969172112916981021e-01 8.958247236021905646e-01 8.987523685061441503e-01 8.938586017053691268e-01 8.917723367305148141e-01
9.894245852705519928e-01 9.884684758778380376e-01 9.874703673816264127e-01 9.901010861999794965e-01 9.824750328334515004e-01 0.000000000000000000e+00 9.979736726037449213e-01 9.899584162272211385e-01 9.888870490673238312e-01 9.913564725748070794e-01 9.864627342702436685e-01 9.880104966549859702e-01 9.854601528844411096e-01 9.979736726037449213e-01 9.873479381276105693e-01 9.900431066890771348e-01 9.867986446178584892e-01 9.881194611143585549e-01 9.948770560569828447e-01 9.922432248085250039e-01 9.935780518149106566e-01 9.933571642729177587e-01 9.932378780957952236e-01 9.903087027345550686e-01 9.816173303293341812e-01 9.813230083523538649e-01 9.837645647104793500e-01 9.825718383809851630e-01 9.828795243105509227e-01 9.833116971110690274e-01 9.801370094502398489e-01 9.593308507324402878e-01 9.522866651155369455e-01 9.604104337119057089e-01 9.589376168288534785e-01 9.610696583061856257e-01 9.623331789514537604e-01 9.616787871574563606e-01 9.578096974981507028e-01 9.647178568439706003e-01 9.638199595655868590e-01 9.597651754178943007e-01 9.621429944932127221e-01 9.610396673945990065e-01 9.619342051161275942e-01 9.627164486767083584e-01 9.626173358622688303e-01 9.618382191308579854e-01 9.655085613587734983e-01 9.669644660367512357e-01 9.652084436402550427e-01 9.677048286785184805e-01 9.649502278098964769e-01 9.612385985004152644e-01 9.593258237922701603e-01 9.656474116925396478e-01 9.654605473606497901e-01 9.652283497630695930e-01 9.633811574342637796e-01 9.605900986760355087e-01 9.594286335523334319e-01 9.509363790754011836e-01 9.632728974915888420e-01 9.558288898391412713e-01 9.608725039369828691e-01 9.591487779629677135e-01 9.547543570215173414e-01 9.488759154781921668e-01 9.459083798613019400e-01 9.535765659876269673e-01 9.496675149880905442e-01 9.624537461136094540e-01 9.624537461136094540e-01 9.624537461136094540e-01 9.624537461136094540e-01 9.624537461136094540e-01 9.474817735898257709e-01 9.487071404452430690e-01 9.447761014409344904e-01 9.474306716979492560e-01 9.499663481884261795e-01 9.454054700175023029e-01 9.467820395329431538e-01 9.449070239718826425e-01 9.426161163825484968e-01 9.387364909310396133e-01 9.507424372845845184e-01 9.499486866289135190e-01 9.430785573996091076e-01 9.454692429353359628e-01 9.440413082743875917e-01 9.433580121969800114e-01 9.475363976429624913e-01 9.484124059893930259e-01 9.532868413571007338e-01 9.487908301258182187e-01 9.506529701750638939e-01 9.428950031828758904e-01 9.343108907271651109e-01 9.388673530871175510e-01 9.448471525563726381e-01 9.425465988285266494e-01 9.488157328206289209e-01 9.427523741320416040e-01 9.417490386019509163e-01 9.411244997733519968e-01 9.461046456197866883e-01 9.394616722754864924e-01 9.476376448910730499e-01 9.160259374722946601e-01 9.186861043715592867e-01 9.155997512992942733e-01 9.207338677817763495e-01 9.190206489876290297e-01 9.179546183640864276e-01 9.129327621878350341e-01 9.222464945695757477e-01 9.157414172993939561e-01 9.176093334720482053e-01 9.127988702208822414e-01 9.094700421682826441e-01 9.110359890090103940e-01 9.186434510421543909e-01 9.150760678026589323e-01 9.146769731359744027e-01 9.075507867497735193e-01 9.187524597200262821e-01 9.136421936110259434e-01 9.120261521455236275e-01 9.107694068301906976e-01 9.110870447795695881e-01 9.122709842998013574e-01 9.070724638152865005e-01 9.082074516696564404e-01 9.096871625713749410e-01 9.062799931972567169e-01 9.052103087865039921e-01 8.964722186001253812e-01 8.963414544452661392e-01 8.984160054329143330e-01 8.942407021267982925e-01 8.925057882704491297e-01
9.887594459965354243e-01 9.885339047967065529e-01 9.873188673298516349e-01 9.892121735090139145e-01 9.822285104130556999e-01 9.979736726037449213e-01 0.000000000000000000e+00 9.919847436210360581e-01 9.886494854640289764e-01 9.896668176065390732e-01 9.863497270276746498e-01 9.876077228343830283e-01 9.840297303704895748e-01 1.000000000000000000e+00 9.859139194197183986e-01 9.889270635087767936e-01 9.853173006005404577e-01 9.883091824627263655e-01 9.969033834488256751e-01 9.942695522002225061e-01 9.956043792123832059e-01 9.953834916580849290e-01 9.952642054849150099e-01 9.923350301307379828e-01 9.826389644512509847e-01 9.811719328924501937e-01 9.826532373503028550e-01 9.824140164992443136e-01 9.822993430807026582e-01 9.830745760469965511e-01 9.811375542968471253e-01 9.598084335953988022e-01 9.510769283253409645e-01 9.593331534616592604e-01 9.592801874460205047e-01 9.602457298567355082e-01 9.620445185152002310e-01 9.625000344164859056e-01 9.577732770083366987e-01 9.652668381895942451e-01 9.624678242161195385e-01 9.585014330394819870e-01 9.609915381010459834e-01 9.598010190103775097e-01 9.608014455866924486e-01 9.631356955805271403e-01 9.629289271399982253e-01 9.612797681093480096e-01 9.647031499308262870e-01 9.678674718172524116e-01 9.664797508272139348e-01 9.683529940790915891e-01 9.656045470935521458e-01 9.620511179034522131e-01 9.587174170490464498e-01 9.660577765571950470e-01 9.641295181493206856e-01 9.654203369427720727e-01 9.638579707133859698e-01 9.605808677675832241e-01 9.598124888294539137e-01 9.510758131762603318e-01 9.617555472717780329e-01 9.564196762462662260e-01 9.613217901165501678e-01 9.578329805425973564e-01 9.555366325044294395e-01 9.496117802245966910e-01 9.463435419777755930e-01 9.542556368129786470e-01 9.509420275330603411e-01 9.644600808358270161e-01 9.644600808358270161e-01 9.644600808358270161e-01 9.644600808358270161e-01 9.644600808358270161e-01 9.467166098064011548e-01 9.503249867635749082e-01 9.460356223841003276e-01 9.479479289380654539e-01 9.504846421511641275e-01 9.461166606880381247e-01 9.474704363284963682e-01 9.461810767769218700e-01 9.438563282556450273e-01 9.400483772926772064e-01 9.520465206929521473e-01 9.507381950727699094e-01 9.437919188328108833e-01 9.462723039131577529e-01 9.448196117369405123e-01 9.438632968207349982e-01 9.488097864075930588e-01 9.493950534990422963e-01 9.540976605886449802e-01 9.497983602323470942e-01 9.506476163511086153e-01 9.416541482714738676e-01 9.340329722664018064e-01 9.380234925693590187e-01 9.457047632829372885e-01 9.413640683046528013e-01 9.499439965834924893e-01 9.434817235794102919e-01 9.426301120949344137e-01 9.420481935902952353e-01 9.468807403449847060e-01 9.404909568940645892e-01 9.482772020803689195e-01 9.169023210858798789e-01 9.192602366250678392e-01 9.164380322350055286e-01 9.216798465808145879e-01 9.198211739772048645e-01 9.183619694147987511e-01 9.137745706319637673e-01 9.235044618439059994e-01 9.167465113097313933e-01 9.183748592536234989e-01 9.134395610862808823e-01 9.103490043452986402e-01 9.118615305721460285e-01 9.194711890894756712e-01 9.160187690754474366e-01 9.151875168235918956e-01 9.078800748904561901e-01 9.194925508278407600e-01 9.144857724048875980e-01 9.128109454983743820e-01 9.115375351889642985e-01 9.113280518636666105e-01 9.128883488245536082e-01 9.076149390857086718e-01 9.088465917889936296e-01 9.101912677989473233e-01 9.065304275947343449e-01 9.055728677364187629e-01 8.969196740068944296e-01 8.965203639332756103e-01 8.987438104214913182e-01 8.944009591080118726e-01 8.926874527065822296e-01
9.861022599480857576e-01 9.833957866273745907e-01 9.836480430388704344e-01 9.862298406468079648e-01 9.803696020935415145e-01 9.899584162272211385e-01 9.919847436210360581e-01 0.000000000000000000e+00 9.844312852916657919e-01 9.840278995928056771e-01 9.872324460678389979e-01 9.833958334381703859e-01 9.819721120793745150e-01 9.919847436210360581e-01 9.825903710352484888e-01 9.869880059974507347e-01 9.820441819874603517e-01 9.829468264263524491e-01 9.928928131986002326e-01 9.910568852985898181e-01 9.932867275067630564e-01 9.937606160262277832e-01 9.943242995812971996e-01 9.896319904668609002e-01 9.833246961362327454e-01 9.801688567831475796e-01 9.792672295381961156e-01 9.829149143700784963e-01 9.803460407552190281e-01 9.809566790088772859e-01 9.839308677530171909e-01 9.590343692399077025e-01 9.503852988903133125e-01 9.579416013904984428e-01 9.589187244340819927e-01 9.597010332349145134e-01 9.615437478188499920e-01 9.610309422009378766e-01 9.578074077688152332e-01 9.652765987609361886e-01 9.623475884845154038e-01 9.585595842688362511e-01 9.616303618025362487e-01 9.594459121059255580e-01 9.601750193849513115e-01 9.631416145431180853e-01 9.622073861481497126e-01 9.612827126056061600e-01 9.617232751996950268e-01 9.662644297749409805e-01 9.631523666303195563e-01 9.666968367566592946e-01 9.636568824824144341e-01 9.606711998897027316e-01 9.584406033128839431e-01 9.635002378043454607e-01 9.660263171646142899e-01 9.628406857125619833e-01 9.637025712335061112e-01 9.604043269849046327e-01 9.569826174854803025e-01 9.498921299279103891e-01 9.594727813379948511e-01 9.545719643080535777e-01 9.583312175174928393e-01 9.562110381525966707e-01 9.527968304490906926e-01 9.470367069033809315e-01 9.447385156548652185e-01 9.495907683057670523e-01 9.493789411697947100e-01 9.573687641368081591e-01 9.573687641368081591e-01 9.573687641368081591e-01 9.573687641368081591e-01 9.573687641368081591e-01 9.451978390193049862e-01 9.469832535830737807e-01 9.451565820826081099e-01 9.460242905967726212e-01 9.477040306815490700e-01 9.479687912959323670e-01 9.457080533920890764e-01 9.435703073282873943e-01 9.412944415121016206e-01 9.386800518667463011e-01 9.495388165436076111e-01 9.482334248287759282e-01 9.434314649896476945e-01 9.476720738106138020e-01 9.419410263142304895e-01 9.428081120088287470e-01 9.477646324563208102e-01 9.487982077127747882e-01 9.511993458769218979e-01 9.493761928217758772e-01 9.478709637343669669e-01 9.432006366621491500e-01 9.372370051270006996e-01 9.367060214862648060e-01 9.427138855378773830e-01 9.429039109869766788e-01 9.458481858922116459e-01 9.411214063512368666e-01 9.399148624788637996e-01 9.376589823839588389e-01 9.441508819109423190e-01 9.378573534982209692e-01 9.451855126373469584e-01 9.133631392503405166e-01 9.155818732684631867e-01 9.120593199892230718e-01 9.177982642659187063e-01 9.167004909886196096e-01 9.153824385133806363e-01 9.114068499574551341e-01 9.201360784100718337e-01 9.130781139424397619e-01 9.144171884937734029e-01 9.105437986078142032e-01 9.068411379041134701e-01 9.089786992454691461e-01 9.159964803024193136e-01 9.119317406832714301e-01 9.115363132979487082e-01 9.043265488174707656e-01 9.165139408895794926e-01 9.109627971770376531e-01 9.102726421527804757e-01 9.086956986148407855e-01 9.084345599851050279e-01 9.103562784130040386e-01 9.054509789135626319e-01 9.065234203807425173e-01 9.078712279602274560e-01 9.033652879643265798e-01 9.029858038019472621e-01 8.944352926311626151e-01 8.946054051992062828e-01 8.964979607992281663e-01 8.928384164257381350e-01 8.898181692093322104e-01
9.939653018970971976e-01 9.894401687254177347e-01 9.915228397526983928e-01 9.920879605211452290e-01 9.890796188657520194e-01 9.888870490673238312e-01 9.886494854640289764e-01 9.844312852916657919e-01 0.000000000000000000e+00 9.924958058974640007e-01 9.908580268791977730e-01 9.910794640560529611e-01 9.852082338365777403e-01 9.886494854640289764e-01 9.883636355201211865e-01 9.917433181850471291e-01 9.873038489840415544e-01 9.902335115776238483e-01 9.891886352630993029e-01 9.902958330639232143e-01 9.899685583996091776e-01 9.892167973583542162e-01 9.885935609828673254e-01 9.862041162761140400e-01 9.853378762753365327e-01 9.870253164968728621e-01 9.871054212942487194e-01 9.852482862875904246e-01 9.884325320269823356e-01 9.882413187852214786e-01 9.831943173352228893e-01 9.631996857693096992e-01 9.536316786780629773e-01 9.618811792073569400e-01 9.642993037954213920e-01 9.658415763787283614e-01 9.675256366388924611e-01 9.641746768881618301e-01 9.628855040337500615e-01 9.679770886444205580e-01 9.656144373353753307e-01 9.615740296101381590e-01 9.642393794268404594e-01 9.630468353485466260e-01 9.635177627350296481e-01 9.673273458708662176e-01 9.623523470463212215e-01 9.622105099305401366e-01 9.649314766790541009e-01 9.691068901984837280e-01 9.683205958693921200e-01 9.728208619214097075e-01 9.677927441165052880e-01 9.662954920126574088e-01 9.636765696533027281e-01 9.693882707957066636e-01 9.663397021921243946e-01 9.701082789630792735e-01 9.691643148711924782e-01 9.654428843133419091e-01 9.629873386630755094e-01 9.556412270047993651e-01 9.658913568824715190e-01 9.601397916789783382e-01 9.648589956302201509e-01 9.613546288446658261e-01 9.580574441205228498e-01 9.531838831355815556e-01 9.498292115012975101e-01 9.545756641859917124e-01 9.536583782209635540e-01 9.561508248746394267e-01 9.561508248746394267e-01 9.561508248746394267e-01 9.561508248746394267e-01 9.561508248746394267e-01 9.503793276050856997e-01 9.494906087337882106e-01 9.477671323917356005e-01 9.481517479116051694e-01 9.503176005901062817e-01 9.478709412918231436e-01 9.492128688621335186e-01 9.478999430241000779e-01 9.468298911078101288e-01 9.435961728892329203e-01 9.558060099867088377e-01 9.543959977765805736e-01 9.474154377520687120e-01 9.498235843990336935e-01 9.476032875076955131e-01 9.486965868490413456e-01 9.525253364151954338e-01 9.531099095357090656e-01 9.575541001112355399e-01 9.527617302555865253e-01 9.542984101658343876e-01 9.483207601441694390e-01 9.396552487066464066e-01 9.430195554819693626e-01 9.491641031892311675e-01 9.464770632896711833e-01 9.496478133133076094e-01 9.484218922185090328e-01 9.454627852301979996e-01 9.415535622351846046e-01 9.505706982630609536e-01 9.447483698580849687e-01 9.471857439770414722e-01 9.154286823003536799e-01 9.199811436374564222e-01 9.164380231031017399e-01 9.219830961773118894e-01 9.197450139206795328e-01 9.183637796019629151e-01 9.133339921154517427e-01 9.224580051626126709e-01 9.160855421064947324e-01 9.156479190597014428e-01 9.156567728386690863e-01 9.126555297615148721e-01 9.138421050375150623e-01 9.218932376871492584e-01 9.183525692641149041e-01 9.172982370051692147e-01 9.106548454319163266e-01 9.219789005342973187e-01 9.166248806978535280e-01 9.116841368388082234e-01 9.099551425958557482e-01 9.112033406281938586e-01 9.120684356544020988e-01 9.067870030398456072e-01 9.089535995708933891e-01 9.093690227578157259e-01 9.063617744818377453e-01 9.049791575619446915e-01 8.982676460640318661e-01 8.971656295171090978e-01 8.999402865301689980e-01 8.950567112410100501e-01 8.928724564427720223e-01
9.936410011943087595e-01 9.916025763086442346e-01 9.902670002922007164e-01 9.944793232305429997e-01 9.870259304349670026e-01 9.913564725748070794e-01 9.896668176065390732e-01 9.840278995928056771e-01 9.924958058974640007e-01 0.000000000000000000e+00 9.904795814682183508e-01 9.900026664286623035e-01 9.862019162241539849e-01 9.896668176065390732e-01 9.900085821472114356e-01 9.927270971942140365e-01 9.904044455762741617e-01 9.893563563483982470e-01 9.894207244032309223e-01 9.872603014105133523e-01 9.894384821858694945e-01 9.875066569379005177e-01 9.877375689515652812e-01 9.847210778645754115e-01 9.847939039068248634e-01 9.858517817618545065e-01 9.883533744567428725e-01 9.833822518526621481e-01 9.849357409133031593e-01 9.853569253563679853e-01 9.819785233065680963e-01 9.605344704119138655e-01 9.554396490206158443e-01 9.630484042741701556e-01 9.621531821480093782e-01 9.647799389573481488e-01 9.639683913740021426e-01 9.624023009907496373e-01 9.618250355930785256e-01 9.669487945049624056e-01 9.673311283056366117e-01 9.631685691151610218e-01 9.661108639717939095e-01 9.641515650435251716e-01 9.652026253414625057e-01 9.654892320505554792e-01 9.622559047854836178e-01 9.637152145449574547e-01 9.667240140400534809e-01 9.679388113921902903e-01 9.658897520154272609e-01 9.702799066035235898e-01 9.659248944444210894e-01 9.627770463609022222e-01 9.624510155089051056e-01 9.666297123547059611e-01 9.673237466013326902e-01 9.685401566378025739e-01 9.668016789290964086e-01 9.643911798260739188e-01 9.607424216666741179e-01 9.522606719688004873e-01 9.682463235056784079e-01 9.572459058473246074e-01 9.619313619940677018e-01 9.628893241301224037e-01 9.553839062355555800e-01 9.503600712705249087e-01 9.473034236123385465e-01 9.542959064975724548e-01 9.509997661464254515e-01 9.559783016273273315e-01 9.559783016273273315e-01 9.559783016273273315e-01 9.559783016273273315e-01 9.559783016273273315e-01 9.502547081933960804e-01 9.470915442447580546e-01 9.463627948501854847e-01 9.488425677649147127e-01 9.510544489990061523e-01 9.476081264472601129e-01 9.487993797280547259e-01 9.461379677596820637e-01 9.436492748816759368e-01 9.401074226435763848e-01 9.524920296481517168e-01 9.514447268105122868e-01 9.449461543436343813e-01 9.476930876842035723e-01 9.455760545628213443e-01 9.452689253103776501e-01 9.503353910240258662e-01 9.505710196696363079e-01 9.558261142965761570e-01 9.507202855825674925e-01 9.536129044334674676e-01 9.478679791401700694e-01 9.369181170157016014e-01 9.408143672314440709e-01 9.466482195766626750e-01 9.469119087682872360e-01 9.482903255155373801e-01 9.451672664832267978e-01 9.432423959067444130e-01 9.403884096525348957e-01 9.479467024832205491e-01 9.411476007068251270e-01 9.457894211847305277e-01 9.140189771456898038e-01 9.181150864196577777e-01 9.143016423027217066e-01 9.194285455030880572e-01 9.179801756583374495e-01 9.173071806584305321e-01 9.117673307280163009e-01 9.209691562201004489e-01 9.140204674616672076e-01 9.143688229535661405e-01 9.126128143076635002e-01 9.103268650611322510e-01 9.113085707645939282e-01 9.193892613174717843e-01 9.156818977547890315e-01 9.157851697530098312e-01 9.086919905645916007e-01 9.198249507799222124e-01 9.144010230306675036e-01 9.102895237184298605e-01 9.091617325954184370e-01 9.099292892031705104e-01 9.113515038798778445e-01 9.056052597439060436e-01 9.073526328891949877e-01 9.085708142249863117e-01 9.053538575546675737e-01 9.042641650016230992e-01 8.971765898971924003e-01 8.956013307671226720e-01 8.982318977410033156e-01 8.938139449137597614e-01 8.919768029791291797e-01
9.937800509870923227e-01 9.877409003424179046e-01 9.903398914406421616e-01 9.936894246405596487e-01 9.861534582277771133e-01 9.864627342702436685e-01 9.863497270276746498e-01 9.872324460678389979e-01 9.908580268791977730e-01 9.904795814682183508e-01 0.000000000000000000e+00 9.881271644033722268e-01 9.851447117951832588e-01 9.863497270276746498e-01 9.881093884913144665e-01 9.917707418163738131e-01 9.868897839061667732e-01 9.875592558426005141e-01 9.874166413847915713e-01 9.870348243691853263e-01 9.893146630306466349e-01 9.894194719117316295e-01 9.888287122529780815e-01 9.858288026227124412e-01 9.906533193345347099e-01 9.878225600435984743e-01 9.865689372190763473e-01 9.878621441630969224e-01 9.854072466736580882e-01 9.856839357700922788e-01 9.874523655126147270e-01 9.625161287573313906e-01 9.563393446059650360e-01 9.621406996798399502e-01 9.653699042633274718e-01 9.670541332980721050e-01 9.660620401471203822e-01 9.634169749337737620e-01 9.651997737682550538e-01 9.693642191531981478e-01 9.701970762451446184e-01 9.651918513243155084e-01 9.683109520261878878e-01 9.658540077895516607e-01 9.660443361457460298e-01 9.696328061222276862e-01 9.643385355587553720e-01 9.660082716442853767e-01 9.657592053547983113e-01 9.685895621712714565e-01 9.656002612461394019e-01 9.713196947148653448e-01 9.655048547331159803e-01 9.638531374622685277e-01 9.638431821746444861e-01 9.674383707584207626e-01 9.693101150968547186e-01 9.696507829470818463e-01 9.704235649944340514e-01 9.685558139899900221e-01 9.608754438736540893e-01 9.536615899863001289e-01 9.667454401630409810e-01 9.572300686269967773e-01 9.620067211507709048e-01 9.612696189646370293e-01 9.555563254287737784e-01 9.501316837382292046e-01 9.476503948932643029e-01 9.527612244302636757e-01 9.508287388413586561e-01 9.533040033663032764e-01 9.533040033663032764e-01 9.533040033663032764e-01 9.533040033663032764e-01 9.533040033663032764e-01 9.504421500703570391e-01 9.464086137476643845e-01 9.483964240149858060e-01 9.495856364180933484e-01 9.513764605544874353e-01 9.519623613237181425e-01 9.500373512865091241e-01 9.448314695047195233e-01 9.437771667455531199e-01 9.413110896137167893e-01 9.519560066413229604e-01 9.522457316286435658e-01 9.470443218200659263e-01 9.515184238165473873e-01 9.448870030217109139e-01 9.469692402808371767e-01 9.510341643719278926e-01 9.517550901789023632e-01 9.544144688907189034e-01 9.519982275394121007e-01 9.535612414433992656e-01 9.505368107251522813e-01 9.404701108183750602e-01 9.426772206026690082e-01 9.456182583987173818e-01 9.503926564864324522e-01 9.460168195439252470e-01 9.449540471531298058e-01 9.415894050806747906e-01 9.396728158324727520e-01 9.467253122725741710e-01 9.411316971041158164e-01 9.448772658598270091e-01 9.130173255919723507e-01 9.166112027324493372e-01 9.125353241257015968e-01 9.176445951878583474e-01 9.164933850177044983e-01 9.159801020929264626e-01 9.111142442750842507e-01 9.196030762457700902e-01 9.132212798554130151e-01 9.126684554097294066e-01 9.113389961870058675e-01 9.086163650338859865e-01 9.104521687846489630e-01 9.177933980074389764e-01 9.134445762629900267e-01 9.132615336673769457e-01 9.068511812314421494e-01 9.185164689694629292e-01 9.125436927699601686e-01 9.092490216761156541e-01 9.085903230530751884e-01 9.089214668671122821e-01 9.104093940552869801e-01 9.050394588640825466e-01 9.068879822423281389e-01 9.079668206652228291e-01 9.039329442610120058e-01 9.032201982244091321e-01 8.961182037566113312e-01 8.952451954875673135e-01 8.973254595394420940e-01 8.935144658567757414e-01 8.907528839717079316e-01
