{
    "data": {
        "name": "1870", 
        "timelabels": [
            "1870-02-01 00:00:00", 
            "1870-03-01 00:00:00", 
            "1870-04-01 00:00:00", 
            "1870-05-01 00:00:00", 
            "1870-06-01 00:00:00", 
            "1870-07-01 00:00:00", 
            "1870-08-01 00:00:00", 
            "1870-09-01 00:00:00", 
            "1870-10-01 00:00:00", 
            "1870-11-01 00:00:00", 
            "1870-12-01 00:00:00"
        ]
    }, 
    "distancematrix": [
        [
            1.0, 
            0.9876319244681948, 
            0.9793977388503008, 
            0.9775843406992643, 
            0.9729666496931566, 
            0.9668359125992942, 
            0.9462786217349964, 
            0.920590462569802, 
            0.9061350302483259, 
            0.9180848561441339, 
            0.944014861055817, 
            0.9760736859843385
        ], 
        [
            0.9876319244681948, 
            1.0, 
            0.9905759596883165, 
            0.9816017299831961, 
            0.9717509244196063, 
            0.9637241797105487, 
            0.9437774558355161, 
            0.9185472897312273, 
            0.9039108842151492, 
            0.9158252813548196, 
            0.9404641631742404, 
            0.9676118662363968
        ], 
        [
            0.9793977388503008, 
            0.9905759596883165, 
            1.0, 
            0.9891587840337178, 
            0.9751241820896664, 
            0.9616634942441542, 
            0.942419459058173, 
            0.916999269764451, 
            0.902456347430092, 
            0.9141597193708003, 
            0.9375828575859121, 
            0.9631523504145012
        ], 
        [
            0.9775843406992643, 
            0.9816017299831961, 
            0.9891587840337178, 
            1.0, 
            0.981464529052917, 
            0.9630328439544453, 
            0.9424767322010509, 
            0.9170544043386737, 
            0.9023776456161657, 
            0.9139797176818916, 
            0.9373622757559622, 
            0.962556751261496
        ], 
        [
            0.9729666496931566, 
            0.9717509244196063, 
            0.9751241820896664, 
            0.981464529052917, 
            1.0, 
            0.9695051032936649, 
            0.9450564886026867, 
            0.91741480006454, 
            0.9031568709574996, 
            0.9147977962166439, 
            0.9405627970447268, 
            0.9638271518521884
        ], 
        [
            0.9668359125992942, 
            0.9637241797105487, 
            0.9616634942441542, 
            0.9630328439544453, 
            0.9695051032936649, 
            1.0, 
            0.9592790376551721, 
            0.9253348668228221, 
            0.9087442121210385, 
            0.9209659453694836, 
            0.9500913785725509, 
            0.9682626993551162
        ], 
        [
            0.9462786217349964, 
            0.9437774558355161, 
            0.942419459058173, 
            0.9424767322010509, 
            0.9450564886026867, 
            0.9592790376551721, 
            1.0, 
            0.9492155188444666, 
            0.9249734564800006, 
            0.9383824914706456, 
            0.9532770742513808, 
            0.9527126484715118
        ], 
        [
            0.920590462569802, 
            0.9185472897312273, 
            0.916999269764451, 
            0.9170544043386737, 
            0.91741480006454, 
            0.9253348668228221, 
            0.9492155188444666, 
            1.0, 
            0.9633530460195854, 
            0.9530517454468133, 
            0.9420457461533065, 
            0.9284507732391566
        ], 
        [
            0.9061350302483259, 
            0.9039108842151492, 
            0.902456347430092, 
            0.9023776456161657, 
            0.9031568709574996, 
            0.9087442121210385, 
            0.9249734564800006, 
            0.9633530460195854, 
            1.0, 
            0.9626360773659799, 
            0.9265299196740936, 
            0.9125458577834418
        ], 
        [
            0.9180848561441339, 
            0.9158252813548196, 
            0.9141597193708003, 
            0.9139797176818916, 
            0.9147977962166439, 
            0.9209659453694836, 
            0.9383824914706456, 
            0.9530517454468133, 
            0.9626360773659799, 
            1.0, 
            0.9441090928942447, 
            0.925422886304728
        ], 
        [
            0.944014861055817, 
            0.9404641631742404, 
            0.9375828575859121, 
            0.9373622757559622, 
            0.9405627970447268, 
            0.9500913785725509, 
            0.9532770742513808, 
            0.9420457461533065, 
            0.9265299196740936, 
            0.9441090928942447, 
            1.0, 
            0.9585812037681343
        ], 
        [
            0.9760736859843385, 
            0.9676118662363968, 
            0.9631523504145012, 
            0.962556751261496, 
            0.9638271518521884, 
            0.9682626993551162, 
            0.9527126484715118, 
            0.9284507732391566, 
            0.9125458577834418, 
            0.925422886304728, 
            0.9585812037681343, 
            1.0
        ]
    ]
}
